 08/20/93 UW ARCHIVE           100.0  1961 W IEEE 69 Bus Test Case
BUS DATA FOLLOWS                            75 ITEMS
   1 chilca   220  1  1  3 1.030   0.00    107.3     39.3    850.0   173.0     1.0  0.0     200.0  -100.0   0.0    0.0        0
   2 talara   220  2  1  2 1.025   0.00     59.8     19.5    120.0    24.0     1.0  0.0     100.0   -30.0   0.0    0.0        0
   3 piura    220  2  1  0 1.000   0.00    207.5     52.6      0.0     0.0     1.0  0.0       0.0     0.0   0.0    0.0        0
   4 nina220  220  2  1  0 1.000   0.00     46.1      7.5      0.0     0.0     1.0  0.0       0.0     0.0   0.0    0.0        0
   5 nina500  500  2  1  0 1.000   0.00      0.0      0.0      0.0     0.0     1.0  0.0       0.0     0.0   0.0   -1.0        0
   6 chiclayo 220  2  1  0 1.000   0.00    194.6     50.8      0.0     0.0     1.0  0.0     100.0   -50.0   0.0    0.0        0
   7 carhuaqu 220  2  1  0 1.000   0.00      9.9      1.9    110.0    22.0     1.0  0.0       0.0     0.0   0.0    0.0        0
   8 guadalup 220  2  1  0 1.000   0.00     68.6     19.0    110.0    22.0     1.0  0.0       0.0     0.0   0.0    0.0        0
   9 truji220 220  2  1  0 1.000   0.00    200.0     53.6      0.0     0.0     1.0  0.0       0.0     0.0   0.0    0.0        0
  10 truji500 500  2  1  0 1.000   0.00      0.0      0.0      0.0     0.0     1.0  0.0       0.0     0.0   0.0    0.0        0
  11 cajamarc 220  2  1  2 1.000   0.00    168.3     60.0      0.0     0.0     1.0  0.0     120.0   -60.0   0.0    0.0        0
  12 chimb220 220  2  1  0 1.000   0.00      0.0      0.0      0.0     0.0     1.0  0.0       0.0     0.0   0.0    0.0        0
  13 chimb500 500  2  1  0 1.000   0.00      0.0      0.0      0.0     0.0     1.0  0.0       0.0     0.0   0.0   -1.2        0
  14 chimb138 138  2  1  0 1.000   0.00     82.5     27.9      0.0     0.0     1.0  0.0       0.0     0.0   0.0    0.0        0
  15 huall138 138  2  1  0 1.000   0.00     63.9     14.8    240.0    49.0     1.0  0.0       0.0     0.0   0.0    0.0        0
  16 huall220 220  2  1  2 1.000   0.00     17.6      5.8    100.0    23.0     1.0  0.0      80.0   -30.0   0.0    0.0        0
  17 conococh 220  1  1  0 1.000   0.00      0.0      0.0      0.0     0.0     1.0  0.0       0.0     0.0   0.0    0.0        0
  18 paramong 220  1  1  0 1.000   0.00     38.3     16.2     40.0    13.0     1.0  0.0       0.0     0.0   0.0    0.0        0
  19 huacho   220  1  1  0 1.000   0.00     57.8     15.1    160.0    32.0     1.0  0.0       0.0     0.0   0.0    0.0        0
  20 zapal220 220  1  1  0 1.000   0.00    189.2     59.1      0.0     0.0     1.0  0.0       0.0     0.0   0.0    0.0        0
  21 zapal500 500  1  1  0 1.000   0.00      0.0      0.0      0.0     0.0     1.0  0.0       0.0     0.0   0.0    0.0        0
  22 ventanil 220  1  1  2 1.000   0.00    294.7     80.1    450.0    91.0     1.0  0.0     200.0  -100.0   0.0    0.0        0
  23 chavarri 220  1  1  0 1.000   0.00    590.6    147.0      0.0     0.0     1.0  0.0       0.0     0.0   0.0    0.0        0
  24 zorritos 220  2  1  0 1.000   0.00     47.5     11.8      0.0     0.0     1.0  0.0       0.0     0.0   0.0    0.0        0
  25 refineri 220  1  1  0 1.000   0.00     72.1     20.4      0.0     0.0     1.0  0.0       0.0     0.0   0.0    0.0        0
  26 callahua 220  1  1  0 1.000   0.00     17.3      6.7    210.0    43.0     1.0  0.0       0.0     0.0   0.0    0.0        0
  27 pachacha 220  1  1  0 1.000   0.00      0.0      0.0    190.0    39.0     1.0  0.0       0.0     0.0   0.0    0.0        0
  28 planicie 220  1  1  0 1.000   0.00    372.5     97.9      0.0     0.0     1.0  0.0       0.0     0.0   0.0    0.0        0
  29 sanjuan  220  1  1  0 1.000   0.00    797.6    229.2     60.0    12.0     1.0  0.0       0.0     0.0   0.0    0.0        0
  30 pomacoch 220  1  1  0 1.000   0.00    198.3     40.3      0.0     0.0     1.0  0.0       0.0     0.0   0.0    0.0        0
  31 huanza   220  1  1  0 1.000   0.00      0.0      0.0     90.0    18.0     1.0  0.0       0.0     0.0   0.0    0.0        0
  32 huayucac 220  1  1  0 1.000   0.00     55.1     18.7      0.0     0.0     1.0  0.0       0.0     0.0   0.0    0.0        0
  33 mantaro  220  1  1  2 1.050   0.00     24.3      6.5    840.0   100.0     1.0  0.0     400.0  -100.0   0.0    0.0        0
  34 huancave 220  1  1  0 1.000   0.00     34.9     11.5      0.0     0.0     1.0  0.0       0.0     0.0   0.0    0.0        0
  35 independ 220  1  1  0 1.000   0.00    145.9     51.9     90.0    18.0     1.0  0.0       0.0     0.0   0.0    0.0        0
  36 ica      220  1  1  0 1.000   0.00     90.9     29.4      0.0     0.0     1.0  0.0       0.0     0.0   0.0    0.0        0
  37 marco220 220  1  1  0 1.000   0.00     88.3     32.6     32.0     6.0     1.0  0.0       0.0     0.0   0.0    0.0        0
  38 marco500 500  1  1  0 1.000   0.00      0.0      0.0      0.0     0.0     1.0  0.0       0.0     0.0   0.0   -4.0        0
  39 santaros 220  1  1  2 1.000   0.00    434.5    150.4    420.0    85.0     1.0  0.0     250.0  -100.0   0.0    0.0        0
  40 chilc220 220  1  1  0 1.000   0.00     11.1      7.7    820.0   167.0     1.0  0.0       0.0     0.0   0.0    0.0        0
  41 chilc500 500  1  1  2 1.030   0.00      9.0      3.6    550.0    50.0     1.0  0.0       0.0     0.0   0.0    0.0        0
  42 oroya    220  1  1  0 1.000   0.00     56.0     17.1     65.0    13.0     1.0  0.0       0.0     0.0   0.0    0.0        0
  43 carhuama 220  1  1  0 1.000   0.00     71.5     24.5    270.0    20.0     1.0  0.0       0.0     0.0   0.0    0.0        0
  44 paragsha 220  1  1  0 1.000   0.00    112.9     32.3    450.0    40.0     1.0  0.0       0.0     0.0   0.0    0.0        0
  45 vizcarra 220  1  1  2 1.000   0.00    149.8     18.4      0.0     0.0     1.0  0.0     100.0  -100.0   0.0    0.0        0
  46 tingomar 220  1  1  0 1.000   0.00     50.4     15.7      0.0     0.0     1.0  0.0       0.0     0.0   0.0   -0.3        0
  47 aguaytia 220  1  1  2 1.000   0.00     70.0     16.7    160.0    32.0     1.0  0.0      50.0   -50.0   0.0    0.0        0
  48 cotaruse 220  3  1  0 1.000   0.00    142.4     46.1      0.0     0.0     1.0  0.0       0.0     0.0   0.0   -1.0        0
  49 socab220 220  3  1  2 1.000   0.00    129.3     21.5      0.0     0.0     1.0  0.0     400.0  -100.0   0.0    0.0        0
  50 moque220 220  3  1  0 1.000   0.00    366.7    120.0      0.0     0.0     1.0  0.0     100.0   -50.0   0.0    0.0        0
  51 moque500 500  3  1  0 1.000   0.00      0.0      0.0      0.0     0.0     1.0  0.0       0.0     0.0   0.0    0.0        0
  52 sanjose  500  3  1  2 1.000   0.00    369.9      6.9      0.0     0.0     1.0  0.0     300.0   -50.0   0.0   -0.5        0
  53 tacna    220  3  1  2 1.000   0.00     51.1     16.1     30.0     6.0     1.0  0.0      50.0   -50.0   0.0    0.0        0
  54 puno220  220  3  1  0 1.000   0.00      0.0      0.0      0.0     0.0     1.0  0.0       0.0     0.0   0.0    0.0        0
  55 abanc220 220  3  1  0 1.000   0.00      0.0      0.0      0.0     0.0     1.0  0.0       0.0     0.0   0.0   -0.3        0
  56 suriray  220  3  1  0 1.000   0.00      0.0      0.0     90.0    18.0     1.0  0.0       0.0     0.0   0.0   -0.3        0
  57 machupic 138  3  1  2 1.030   0.00     12.7      3.3    185.0    38.0     1.0  0.0      50.0   -50.0   0.0    0.0        0
  58 cachimay 138  3  1  0 1.000   0.00     18.6      3.7      0.0     0.0     1.0  0.0       0.0     0.0   0.0    0.0        0
  59 abanc138 138  3  1  0 1.000   0.00     23.4      6.4      0.0     0.0     1.0  0.0       0.0     0.0   0.0    0.0        0
  60 quencoro 138  3  1  0 1.000   0.00     32.0      7.8      0.0     0.0     1.0  0.0       0.0     0.0   0.0    0.0        0
  61 doloresp 138  3  1  0 1.000   0.00     35.0     11.5      0.0     0.0     1.0  0.0       0.0     0.0   0.0    0.0        0
  62 tinta138 138  3  1  2 1.000   0.00     32.8      7.7      0.0     0.0     1.0  0.0       0.0     0.0   0.0    0.3        0
  63 callalli 138  3  1  0 1.000   0.00     24.6      8.0      0.0     0.0     1.0  0.0       0.0     0.0   0.0    0.0        0
  64 santuari 138  3  1  0 1.000   0.00     38.5     12.6    145.0    29.0     1.0  0.0       0.0     0.0   0.0    0.0        0
  65 socab138 138  3  1  0 1.000   0.00    251.3     77.4     34.0     7.0     1.0  0.0       0.0     0.0   0.0    0.0        0
  66 azangaro 138  3  1  2 1.000   0.00     81.0     29.3    110.0    22.0     1.0  0.0      50.0   -50.0   0.0    0.0        0
  67 puno138  138  3  1  0 1.000   0.00     66.4     17.8      0.0     0.0     1.0  0.0       0.0     0.0   0.0    0.0        0
  68 tinta220 220  3  1  0 1.000   0.00    171.7     50.0      0.0     0.0     1.0  0.0       0.0     0.0   0.0    0.0        0
  69 ocona    500  3  1  0 1.000   0.00      0.0      0.0      0.0     0.0     1.0  0.0       0.0     0.0   0.0   -1.0        0
  70 parinas  220  2  1  0 1.000   0.00      0.0      0.0     30.0     0.0     1.0  0.0       0.0     0.0   0.0   -0.2        0
  71 colcab2  220  1  1  2 1.000   0.00      0.0      0.0    550.0    50.0     1.0  0.0     100.0   -50.0   0.0    0.0        0
  72 colcab5  500  1  1  0 1.000   0.00      0.0      0.0      0.0     0.0     1.0  0.0       0.0     0.0   0.0    0.0        0
  73 yaraba2  220  3  1  0 1.000   0.00      0.0      0.0      0.0     0.0     1.0  0.0       0.0     0.0   0.0    0.0        0
  74 yaraba5  500  3  1  0 1.000   0.00      0.0      0.0      0.0     0.0     1.0  0.0       0.0     0.0   0.0   -1.5        0
  75 pbravo5  500  3  1  0 1.000   0.00     10.0      0.0      0.0     0.0     1.0  0.0       0.0     0.0   0.0    0.0        0
-999 
BRANCH DATA FOLLOWS                        102 ITEMS
  24    2  1  1 1 0  0.0183    0.1415      0.2237     0     0     0    0 0  0.0       0.0 0.0    0.0     0.0    0.0   0.0  114 Zorritos - Talara 220          
   2    3  1  1 1 0  0.0125    0.1091      0.1627     0     0     0    0 0  0.0       0.0 0.0    0.0     0.0    0.0   0.0  180 Talara - Piura 220 kV          
   2   70  1  1 1 0  0.0016    0.0114      0.0178     0     0     0    0 0  0.0       0.0 0.0    0.0     0.0    0.0   0.0  180 Talara - Parinas 220 kV        
  70    3  1  1 1 0  0.0138    0.0971      0.1521     0     0     0    0 0  0.0       0.0 0.0    0.0     0.0    0.0   0.0  180 Parinas - Piura 220 kV         
   3    6  1  1 1 0  0.0335    0.2154      0.3416     0     0     0    0 0  0.0       0.0 0.0    0.0     0.0    0.0   0.0  180 Piura - Chiclayo 220           
   3    4  1  1 1 0  0.0175    0.1076      0.1708     0     0     0    0 0  0.0       0.0 0.0    0.0     0.0    0.0   0.0  180 Piura - LaNina 220             
   4    5  1  1 1 0  0.0000    0.0267      0.0000     0     0     0    0 0  1.0       0.0 0.0    0.0     0.0    0.0   0.0  600 La Nina 220/500                
   4    6  1  1 1 0  0.0204    0.1244      0.2001     0     0     0    0 0  0.0       0.0 0.0    0.0     0.0    0.0   0.0  180 La Nina - Chiclayo 220         
   5   10  1  1 1 0  0.0031    0.0415      1.2239     0     0     0    0 0  0.0       0.0 0.0    0.0     0.0    0.0   0.0  700 La Nina - Trujillo 500         
   6    7  1  1 1 0  0.0154    0.0840      0.1362     0     0     0    0 0  0.0       0.0 0.0    0.0     0.0    0.0   0.0  150 Chiclayo - Carhuaquero 220     
   6    8  1  1 1 0  0.0070    0.0395      0.3153     0     0     0    0 0  0.0       0.0 0.0    0.0     0.0    0.0   0.0  300 Chiclayo - Guadalupe 220       
   7   11  1  1 1 0  0.0084    0.0770      0.0000     0     0     0    0 0  0.0       0.0 0.0    0.0     0.0    0.0   0.0  300 Carhuaquero - Cajamarca 220    
   8    9  1  1 1 0  0.0198    0.1136      0.0000     0     0     0    0 0  0.0       0.0 0.0    0.0     0.0    0.0   0.0  300 Guadalupe - Trujillo 220       
   9   10  1  1 1 0  0.0000    0.0223      0.0000     0     0     0    0 0  1.0       0.0 0.0    0.0     0.0    0.0   0.0  750 Trujillo 500/220               
   9   11  1  1 1 0  0.0155    0.1395      0.0000     0     0     0    0 0  0.0       0.0 0.0    0.0     0.0    0.0   0.0  180 Trujillo - Cajamarca 220       
   9   12  1  1 1 0  0.0086    0.0663      0.0000     0     0     0    0 0  0.0       0.0 0.0    0.0     0.0    0.0   0.0  300 Chimbote - Trujillo 220        
  10   13  1  1 1 0  0.0012    0.0182      0.5975     0     0     0    0 0  0.0       0.0 0.0    0.0     0.0    0.0   0.0  630 Trujillo - Chimbote 500        
  11   16  1  1 1 0  0.0085    0.0860      0.0000     0     0     0    0 0  0.0       0.0 0.0    0.0     0.0    0.0   0.0  480 Cajamarca - Huallanca 220      
  12   13  1  1 1 0  0.0000    0.0224      0.0000     0     0     0    0 0  1.0       0.0 0.0    0.0     0.0    0.0   0.0  750 Chimbote 220/500               
  12   14  1  1 1 0  0.0000    0.0449      0.0000     0     0     0    0 0  1.0       0.0 0.0    0.0     0.0    0.0   0.0  240 Chimbote 220/138               
  12   18  1  1 1 0  0.0195    0.1115      0.0000     0     0     0    0 0  0.0       0.0 0.0    0.0     0.0    0.0   0.0  360 Chimbote - Paramonga 220       
  13   21  1  1 1 0  0.0031    0.0473      1.2974     0     0     0    0 0  0.0       0.0 0.0    0.0     0.0    0.0   0.0  630 Chimbote - Zapallal 500        
  14   15  1  1 1 0  0.0178    0.0705      0.0000     0     0     0    0 0  0.0       0.0 0.0    0.0     0.0    0.0   0.0  475 Chimbote - Huallanca 138       
  15   16  1  1 1 0  0.0000    0.0766      0.0000     0     0     0    0 0  1.0       0.0 0.0    0.0     0.0    0.0   0.0  110 Huallanca 138/220              
  16   17  1  1 1 0  0.0077    0.0830      0.0000     0     0     0    0 0  0.0       0.0 0.0    0.0     0.0    0.0   0.0  360 Huallanca - Conococha 220      
  17   18  1  1 1 0  0.0113    0.0994      0.0000     0     0     0    0 0  0.0       0.0 0.0    0.0     0.0    0.0   0.0  190 Conococha - Paramonga 220      
  18   19  1  1 1 0  0.0052    0.0287      0.0000     0     0     0    0 0  0.0       0.0 0.0    0.0     0.0    0.0   0.0  360 Paramonga - Huacho 220         
  19   20  1  1 1 0  0.0099    0.0552      0.0000     0     0     0    0 0  0.0       0.0 0.0    0.0     0.0    0.0   0.0  360 Huacho - Zapallal 220          
  21   20  1  1 1 0  0.0000    0.0136      0.0000     0     0     0    0 0  1.0       0.0 0.0    0.0     0.0    0.0   0.0 1200 Zapallal 500/220               
  41   21  1  1 1 0  0.0011    0.0114      1.1822     0     0     0    0 0  0.0       0.0 0.0    0.0     0.0    0.0   0.0 1400 Chilca CTM - Zapallal 500      
  40   41  1  1 1 0  0.0000    0.0272      0.0000     0     0     0    0 0  1.0       0.0 0.0    0.0     0.0    0.0   0.0  600 Chilca CTM 220/500             
  40   28  1  1 1 0  0.0027    0.0198      0.0000     0     0     0    0 0  0.0       0.0 0.0    0.0     0.0    0.0   0.0  700 Chilca CTM - Planicie 220      
  28   20  1  1 1 0  0.0027    0.0201      0.0000     0     0     0    0 0  0.0       0.0 0.0    0.0     0.0    0.0   0.0  700 Planicie - Zapallal 220        
  22   20  1  1 1 0  0.0016    0.0096      0.0000     0     0     0    0 0  0.0       0.0 0.0    0.0     0.0    0.0   0.0  540 Ventanilla - Zapallal 220      
  22   23  1  1 1 0  0.0005    0.0028      0.0000     0     0     0    0 0  0.0       0.0 0.0    0.0     0.0    0.0   0.0  760 Ventanilla - Chavarria 220     
  40    1  1  1 1 0  0.0000    0.0269      0.0000     0     0     0    0 0  0.0       0.0 0.0    0.0     0.0    0.0   0.0  650 Chilca CTM - Chilca 220        
   1   29  1  1 1 0  0.0015    0.0085      0.0000     0     0     0    0 0  0.0       0.0 0.0    0.0     0.0    0.0   0.0 1400 Chilca - San Juan 220          
  29   39  1  1 1 0  0.0020    0.0134      0.0000     0     0     0    0 0  0.0       0.0 0.0    0.0     0.0    0.0   0.0  500 San Juan - Santa Rosa 220      
  39   23  1  1 1 0  0.0006    0.0044      0.0000     0     0     0    0 0  0.0       0.0 0.0    0.0     0.0    0.0   0.0  300 Santa Rosa - Chavarria 220     
  25   23  1  1 1 0  0.0015    0.0103      0.0000     0     0     0    0 0  0.0       0.0 0.0    0.0     0.0    0.0   0.0  680 Refineria - Chavarria 220      
  27   26  1  1 1 0  0.0042    0.0367      0.0000     0     0     0    0 0  0.0       0.0 0.0    0.0     0.0    0.0   0.0  500 Pachachaca - Callahuanca 220   
  26   25  1  1 1 0  0.0028    0.0187      0.0000     0     0     0    0 0  0.0       0.0 0.0    0.0     0.0    0.0   0.0  680 Callahuanca - Refineria 220    
  33   30  1  1 1 0  0.0121    0.1012      0.6140     0     0     0    0 0  0.0       0.0 0.0    0.0     0.0    0.0   0.0  300 Mantaro - Pomacocha 220        
  33   27  1  1 1 0  0.0121    0.1011      0.6398     0     0     0    0 0  0.0       0.0 0.0    0.0     0.0    0.0   0.0  300 Mantaro - Pachachaca 220       
  30   27  1  1 1 0  0.0017    0.0139      0.0000     0     0     0    0 0  0.0       0.0 0.0    0.0     0.0    0.0   0.0  250 Pomacocha - Pachachaca 220     
  33   32  1  1 1 0  0.0088    0.0791      0.1258     0     0     0    0 0  0.0       0.0 0.0    0.0     0.0    0.0   0.0  150 Mantaro - Huayucachi 220       
  32   31  1  1 1 0  0.0210    0.1818      0.2889     0     0     0    0 0  0.0       0.0 0.0    0.0     0.0    0.0   0.0  150 Huayucachi - Huanza 220        
  31   20  1  1 1 0  0.0093    0.0806      0.0000     0     0     0    0 0  0.0       0.0 0.0    0.0     0.0    0.0   0.0  250 Huanza - Zapallal 220          
  30   29  1  1 1 0  0.0071    0.0568      0.3602     0     0     0    0 0  0.0       0.0 0.0    0.0     0.0    0.0   0.0  500 Pomacocha - San Juan 220       
  47   46  1  1 1 0  0.0087    0.0765      0.1174     0     0     0    0 0  0.0       0.0 0.0    0.0     0.0    0.0   0.0  190 Aguaytia - Tingo Maria 220     
  46   45  1  1 1 0  0.0206    0.1812      0.2818     0     0     0    0 0  0.0       0.0 0.0    0.0     0.0    0.0   0.0  190 Tingo Maria - Vizcarra 220     
  45   17  1  1 1 0  0.0038    0.0334      0.0514     0     0     0    0 0  0.0       0.0 0.0    0.0     0.0    0.0   0.0  190 Vizcarra - Conococha 220       
  44   45  1  1 1 0  0.0136    0.1266      0.1999     0     0     0    0 0  0.0       0.0 0.0    0.0     0.0    0.0   0.0  300 Paragsha - Vizcarra 220        
  44   43  1  1 1 0  0.0015    0.0144      0.2043     0     0     0    0 0  0.0       0.0 0.0    0.0     0.0    0.0   0.0  450 Paragsha - Carhuamayo 220      
  43   42  1  1 1 0  0.0084    0.0777      0.0000     0     0     0    0 0  0.0       0.0 0.0    0.0     0.0    0.0   0.0  250 Carhuamayo - Oroya 220         
  42   27  1  1 1 0  0.0024    0.0227      0.0342     0     0     0    0 0  0.0       0.0 0.0    0.0     0.0    0.0   0.0  250 Oroya - Pachachaca 220         
  43   30  1  1 1 0  0.0141    0.1125      0.1658     0     0     0    0 0  0.0       0.0 0.0    0.0     0.0    0.0   0.0  180 Carhuamayo - Pomacocha 220     
   1   35  1  1 1 0  0.0141    0.0832      0.0000     0     0     0    0 0  0.0       0.0 0.0    0.0     0.0    0.0   0.0  300 Chilca - Independenciia 220    
  35   36  1  1 1 0  0.0049    0.0282      0.0000     0     0     0    0 0  0.0       0.0 0.0    0.0     0.0    0.0   0.0  360 Independencia - Ica 220        
  36   37  1  1 1 0  0.0266    0.1569      0.0000     0     0     0    0 0  0.0       0.0 0.0    0.0     0.0    0.0   0.0  180 Ica - Marcona 220              
  33   34  1  1 1 0  0.0084    0.0728      0.0000     0     0     0    0 0  0.0       0.0 0.0    0.0     0.0    0.0   0.0  250 Mantaro - Huancavelica 220     
  34   35  1  1 1 0  0.0228    0.1980      0.0000     0     0     0    0 0  0.0       0.0 0.0    0.0     0.0    0.0   0.0  150 Huancavelica - Independencia220
  33   35  1  1 1 0  0.0312    0.2708      0.0000     0     0     0    0 0  0.0       0.0 0.0    0.0     0.0    0.0   0.0  150 Mantaro - Independencia 220    
  41   38  1  1 1 0  0.0028    0.0176      0.2071     0     0     0    0 0  0.0       0.0 0.0    0.0     0.0    0.0   0.0  840 Chilca CTM - Marcona 500       
  38   37  1  1 1 0  0.0000    0.0320      0.0000     0     0     0    0 0  1.0       0.0 0.0    0.0     0.0    0.0   0.0  450 Marcona 500/220                
  38   69  1  1 1 0  0.0023    0.0134      0.6723     0     0     0    0 0  0.0       0.0 0.0    0.0     0.0    0.0   0.0  840 Marcona - Ocona 500            
  69   52  1  1 1 0  0.0012    0.0064      0.3884     0     0     0    0 0  0.0       0.0 0.0    0.0     0.0    0.0   0.0  840 Ocona - San Jose 500           
  52   51  1  1 1 0  0.0012    0.0064      0.3884     0     0     0    0 0  0.0       0.0 0.0    0.0     0.0    0.0   0.0  840 San Jose - Moquegua 500        
  33   48  1  1 1 0  0.0120    0.0409      1.2309     0     0     0    0 0  0.0       0.0 0.0    0.0     0.0    0.0   0.0  505 Mantaro - Cotaruse 220         
  48   49  1  1 1 0  0.0129    0.0438      1.3188     0     0     0    0 0  0.0       0.0 0.0    0.0     0.0    0.0   0.0  700 Cotaruse - Socabaya 220        
  49   50  1  1 1 0  0.0073    0.0541      0.3506     0     0     0    0 0  0.0       0.0 0.0    0.0     0.0    0.0   0.0  300 Socabaya - Moquegua 220        
  50   53  1  1 1 0  0.0158    0.1314      0.1951     0     0     0    0 0  0.0       0.0 0.0    0.0     0.0    0.0   0.0  150 Moquegua - Tacna 220           
  50   54  1  1 1 0  0.0190    0.2019      0.3173     0     0     0    0 0  0.0       0.0 0.0    0.0     0.0    0.0   0.0  150 Moquegua - Puno 220            
  51   50  1  1 1 0  0.0000    0.0223      0.0000     0     0     0    0 0  1.0       0.0 0.0    0.0     0.0    0.0   0.0  750 Moquegua 500/220               
  49   68  1  1 1 0  0.0119    0.1045      0.6480     0     0     0    0 0  0.0       0.0 0.0    0.0     0.0    0.0   0.0  400 Socabaya - Tintaya 220         
  56   48  1  1 1 0  0.0194    0.1983      0.2989     0     0     0    0 0  0.0       0.0 0.0    0.0     0.0    0.0   0.0  250 Suriray - Cotaruse 220         
  56   55  1  1 1 0  0.0060    0.0612      0.0922     0     0     0    0 0  0.0       0.0 0.0    0.0     0.0    0.0   0.0  250 Suriray - Abancay 220          
  55   48  1  1 1 0  0.0134    0.1369      0.2063     0     0     0    0 0  0.0       0.0 0.0    0.0     0.0    0.0   0.0  250 Abancay - Cotaruse 220         
  57   58  1  1 1 0  0.0648    0.2067      0.0493     0     0     0    0 0  0.0       0.0 0.0    0.0     0.0    0.0   0.0   93 Machupicchu - Cachimayo 138    
  58   59  1  1 1 0  0.0643    0.2357      0.0567     0     0     0    0 0  0.0       0.0 0.0    0.0     0.0    0.0   0.0   36 Cachimayo - Abancay 138        
  58   61  1  1 1 0  0.0111    0.0355      0.0085     0     0     0    0 0  0.0       0.0 0.0    0.0     0.0    0.0   0.0   93 Cachimayo - Dolorespata 138    
  57   60  1  1 1 0  0.0762    0.2712      0.0599     0     0     0    0 0  0.0       0.0 0.0    0.0     0.0    0.0   0.0   84 Machupicchu - Quencoro 138     
  61   60  1  1 1 0  0.0064    0.0228      0.0050     0     0     0    0 0  0.0       0.0 0.0    0.0     0.0    0.0   0.0   72 Dolorespata - Quencoro 138     
  60   62  1  1 1 0  0.1548    0.4979      0.1192     0     0     0    0 0  0.0       0.0 0.0    0.0     0.0    0.0   0.0   90 Quencoro - Tintaya 138         
  62   63  1  1 1 0  0.0532    0.2422      0.0584     0     0     0    0 0  0.0       0.0 0.0    0.0     0.0    0.0   0.0  110 Tintaya - Callalli 138         
  63   64  1  1 1 0  0.0454    0.2390      0.0576     0     0     0    0 0  0.0       0.0 0.0    0.0     0.0    0.0   0.0  110 Callalli - Santuario 138       
  64   65  1  1 1 0  0.0171    0.0574      0.0132     0     0     0    0 0  0.0       0.0 0.0    0.0     0.0    0.0   0.0  130 Santuario - Socabaya 138       
  62   66  1  1 1 0  0.0893    0.3301      0.0807     0     0     0    0 0  0.0       0.0 0.0    0.0     0.0    0.0   0.0   90 Tintaya - Azangaro 138         
  66   67  1  1 1 0  0.0777    0.3039      0.0740     0     0     0    0 0  0.0       0.0 0.0    0.0     0.0    0.0   0.0   80 Azangaro - Puno 138            
  49   65  1  1 1 0  0.0000    0.0315      0.0000     0     0     0    0 0  1.0       0.0 0.0    0.0     0.0    0.0   0.0  300 Socabaya 220/138               
  55   59  1  1 1 0  0.0000    0.1042      0.0000     0     0     0    0 0  1.0       0.0 0.0    0.0     0.0    0.0   0.0  120 Abancay 220/138                
  57   56  1  1 1 0  0.0000    0.0556      0.0000     0     0     0    0 0  1.0       0.0 0.0    0.0     0.0    0.0   0.0  225 Suriray 138/220                
  68   62  1  1 1 0  0.0000    0.0729      0.0000     0     0     0    0 0  1.0       0.0 0.0    0.0     0.0    0.0   0.0  125 Tintaya 220/138                
  54   67  1  1 1 0  0.0000    0.1015      0.0000     0     0     0    0 0  1.0       0.0 0.0    0.0     0.0    0.0   0.0  120 Puno 220/138                   
  71   33  1  1 1 0  0.0000    0.0310      0.0000     0     0     0    0 0  0.0       0.0 0.0    0.0     0.0    0.0   0.0  600 Colcabamba - Mantaro 500       
  71   72  1  1 1 0  0.0000    0.0283      0.0000     0     0     0    0 0  1.0       0.0 0.0    0.0     0.0    0.0   0.0  750 Colcabamba 220/500             
  72   38  1  1 1 0  0.0028    0.0233      1.1209     0     0     0    0 0  0.0       0.0 0.0    0.0     0.0    0.0   0.0 1400 Colcabamba - Marcona 500       
  38   74  1  1 1 0  0.0038    0.0228      1.4083     0     0     0    0 0  0.0       0.0 0.0    0.0     0.0    0.0   0.0 1400 Marcona - Yarabamba 500        
  74   51  1  1 1 0  0.0008    0.0132      1.2316     0     0     0    0 0  0.0       0.0 0.0    0.0     0.0    0.0   0.0 1400 Yarabamba - Moquegua 500       
  75   52  1  1 1 0  0.0005    0.0076      0.2010     0     0     0    0 0  0.0       0.0 0.0    0.0     0.0    0.0   0.0 1400 Puerto Bravo - San Jose 500    
  73   49  1  1 1 0  0.0002    0.0017      0.0116     0     0     0    0 0  0.0       0.0 0.0    0.0     0.0    0.0   0.0  460 Yarabamba - Socabaya 220       
  74   73  1  1 1 0  0.0000    0.0283      0.0000     0     0     0    0 0  1.0       0.0 0.0    0.0     0.0    0.0   0.0  750 Yarabamba 500/220              
-999
LOSS ZONES FOLLOWS                     1 ITEMS
  1 IEEE 69 BUS
-99
INTERCHANGE DATA FOLLOWS                 1 ITEMS
-9
 1    2 Claytor  132    0.0  999.99  IEEE30  IEEE 69 Bus Test Case
TIE LINES FOLLOWS                     0 ITEMS
-999
END OF DATA
